3.08000000000000	3.10000000000000	2.72000000000000	1.87000000000000	2.81000000000000	2.37000000000000	2.80000000000000	2.02000000000000	2.02000000000000	2.02000000000000	'yieldhamin'
3.08000000000000	3.50000000000000	2.95000000000000	3.26000000000000	3.35000000000000	3.57000000000000	3.36000000000000	2.69000000000000	3.50000000000000	3.15000000000000	'yieldhamax'
3.08000000000000	3.41068493150685	2.92517647058823	2.57947916666667	3.06207207207208	3.15092511013217	3.08440688018980	2.43588235294118	2.83188515406166	2.79535382574081	'yieldhamean'
140.502867132867	126.692167832168	127.915454545455	98.1951748251748	116.337762237762	96.4076923076923	116.202657342657	106.039930069930	84.1699300699301	96.0399300699301	'NAppliedmin'
142.102867132867	140.678181818182	137.557412587413	146.796573426573	130.673426573427	157.635734265734	151.893076923077	129.466503496504	140.678181818182	145.640419580420	'NAppliedmax'
141.205306157257	137.555277325414	135.484751131222	122.793805361305	121.862593082593	136.637832167830	131.983051124440	119.993035787742	115.106178331477	120.395599539784	'NAppliedmean'
-302.336911360000	-353.354672000000	-286.545699733333	-324.201665920000	-335.134043200000	-361.857632106667	-336.348751786667	-254.963276480000	-353.354672000000	-310.839871466667	'CO2Lossmin'
-302.336911360000	39.8123784869250	79.5691764850106	-155.357172373333	53.0945246847897	151.047806364052	98.8153371373850	-173.577801173333	171.000905846925	126.903035598379	'CO2Lossmax'
-302.336911360000	-256.248430131396	-220.755749010823	-241.538215954444	-277.930094435115	-253.834186430349	-277.147548843744	-224.095387689412	-259.152101225013	-265.200721874203	'CO2Lossmean'
2.95599032420404	2.59151943592135	2.83172121704841	2.27237549783078	2.51031857011619	2.06076994730011	2.37346979587793	2.14379547807871	1.73076708874264	1.98068413852150	'TotN2Omin'
10.2599252100822	3.45027810173071	9.81862808245286	7.02590180703446	3.22439259547135	11.4213360156429	10.9838692578205	3.05337644626177	9.87968697945493	9.87996661879568	'TotN2Omax'
4.85786544196051	2.97593744515781	4.40353351165054	3.65966199248189	2.92753129350175	3.29937326342826	4.16315508667505	2.66905933816349	2.75790998102940	2.94814173667511	'TotN2Omean'
880.885116612804	772.272791904562	843.852922680425	677.167898353574	748.074933894626	614.109444295432	707.293999171623	638.851052467457	515.768592445308	590.243873279408	'SoilN2Omin'
3057.45771260451	1028.18287431575	2925.95116857095	2093.71873849627	960.868993450461	3403.55813266159	3273.19303883052	909.906180986007	2944.14671987757	2944.23005240111	'SoilN2Omax'
1447.64390170423	886.829358657026	1312.25298647186	1090.57927375960	872.404325463520	983.213232501622	1240.62021582916	795.379682772721	821.857174346774	878.546237529182	'SoilN2Omean'
0.724099449365175	0.727175668857993	0.708654551111077	0.663012316522457	0.681047647162214	0.645908700947146	0.638864926112816	0.457677764630894	0.425073993001692	0.442532665366644	'FieldEmisContrimin'
0.935861893209250	0.836846336265317	0.918282430019001	0.879641533323155	0.827228738122865	0.941549414740676	0.945245505146140	0.805847179150245	0.909334360137592	0.931365945995545	'	FieldEmisContrimax'
0.795392268638044	0.764203951472223	0.791812838591207	0.749557698525223	0.747027117514553	0.771966280308026	0.797882972330931	0.734413611328229	0.743009929788985	0.748806647245032	'FieldEmisContrimean'
-0.393992383876557	-0.479117964554176	-0.384044436008063	-0.415119037161742	-0.479993538399501	-0.491016912782681	-0.487020650554950	-0.374901865098686	-0.474399101592454	-0.459538931302548	'CO2LossContrimin'
-0.100105556465143	0.0396329900426141	0.0490144194900550	-0.0705021146551635	0.0498373847957737	0.141785553756850	0.0882013978783171	-0.170689807019657	0.191653584077240	0.121616329376119	'CO2LossContrimax'
-0.262180010044761	-0.341016260836441	-0.231563349890586	-0.225567515335464	-0.360313152455864	-0.306205282746049	-0.319920327761282	-0.289441799948644	-0.350558079539486	-0.344649600421845	'CO2LossContrimean'
1.01228957254308	0.772398606954805	0.744125377039720	0.860408276022313	0.749635449729691	0.649091874416366	0.724894580117425	0.628421326231732	0.596722537199554	0.628374119854887	'SoilN2OContrimin'
1.14793137713312	1.22309568582439	1.13097847940539	1.17334839976165	1.20955848269513	1.27689814381087	1.25853781979686	1.11957675773683	1.20218271946838	1.18039271820377	'SoilN2OContrimax'
1.05757188231311	1.10521964048011	1.02337575412486	0.975124777931180	1.10733968869658	1.07817102646802	1.11780278467593	1.02385482413189	1.09356739109172	1.09345564648135	'SoilN2OContrimean'
0.0641381067907502	0.163153663734683	0.0817175699809992	0.120358466676845	0.172771261877135	0.0584505852593245	0.0547544948538599	0.194152820849755	0.0906656398624084	0.0686340540044556	'FieldOPContrimin'
0.275900550634826	0.272824331142007	0.291345448888923	0.336987683477543	0.318952352837786	0.354091299052854	0.361135073887184	0.542322235369106	0.574926006998308	0.557467334633356	'FieldOPContrimax'
0.204607731361956	0.235796048527777	0.208187161408793	0.250442301474777	0.252972882485448	0.228033719691974	0.202117027669070	0.265586388671771	0.256990070211008	0.251193352754965	'FieldOPContrimean'
0.798824259503321	0.778168793765845	0.773459591489870	0.723829539844189	0.747900371787269	0.710853669929400	0.763374778750058	0.752639379598903	0.694688572209327	0.733741129579923	'NFertContrimin'
0.808469700689468	0.804851184443708	0.794200522299240	0.805513724239071	0.778439795612433	0.820575635527718	0.818575018872991	0.800243065481596	0.803606692173748	0.820223937886415	'NFertContrimax'
0.802646454706980	0.793783346642026	0.787544224865415	0.761139223765163	0.765511449689515	0.790671510520279	0.795642305547853	0.781842261039711	0.757812058335147	0.769806900645537	'NFertContrimean'
0.0968191680376593	0.101063452481230	0.103970571402528	0.0978545325990820	0.113568554455940	0.0912780363921882	0.0917141820513413	0.102411685950092	0.0987990565129469	0.0984735950375419	'P2O5FertContrimin'
0.0979694550328593	0.114881699415862	0.109026336002100	0.132911623055785	0.128835539838665	0.148054850236540	0.118129185383053	0.127099555788210	0.162374712888459	0.139438363845237	'P2O5FertContrimax'
0.0972742290598178	0.106795252064803	0.105121628936302	0.115181476241547	0.123093710905375	0.106559779464665	0.105670247662915	0.112228858093992	0.127726987345044	0.118869837489520	'P2O5FertContrimean'
0.0151708348702129	0.0154216649042970	0.0164572612926240	0.0154891676551037	0.0167996738946383	0.0144481892801001	0.0143785624704774	0.0165817419483151	0.0159968117372176	0.0157043542905806	'K2OFertContrimin'
0.0154935299435700	0.0175302448959641	0.0172575265785290	0.0210382734263075	0.0185896100126139	0.0213627538629465	0.0180257913980661	0.0205790190472270	0.0234289590611915	0.0216875670083543	'K2OFertContrimax'
0.0153223063115213	0.0162963024741234	0.0165938876481410	0.0182318094919233	0.0179646280643632	0.0166048659854495	0.0163301839949086	0.0181712657769889	0.0187153142833577	0.0182417808040300	'K2OFertContrimean'
0.0271306698366337	0.0272827692156523	0.0291519289749471	0.0277062758058803	0.0300786872177590	0.0219917075353040	0.0222937918830125	0.0150267233654686	0.0150267233654686	0.0116574599219724	'DieselContrimin'
0.0379714831392019	0.0310130993481249	0.0427590090179501	0.0521265732411960	0.0454606942477574	0.0521412625531865	0.0438746080031990	0.0356446617179878	0.0529220533309137	0.0495337935186276	'	DieselContrimax'
0.0337071176495832	0.0288301076588747	0.0354537919053698	0.0447038993235651	0.0335767983656726	0.0308408004540893	0.0279493873234683	0.0272157396364315	0.0333911381371054	0.0323046680953156	'DieselContrimean'
0.460109967111061	0.377749186792958	0.401479787822954	0.417172643536800	0.395985195623930	0.353341072381601	0.362801340996885	0.341365278933873	0.324030602742479	0.341319828530798	'SoilN2OTotmin'
0.747346861790274	0.526357803562320	0.736349569384703	0.688772517925096	0.519595060148411	0.769917733974750	0.754978764249537	0.486940957819977	0.735012005586533	0.755825375626559	'	SoilN2OTotmax'
0.545058547495627	0.468639245249685	0.523550892464851	0.508657002905723	0.492011581435240	0.481937240489050	0.521664397942079	0.451729576471193	0.481672482006958	0.486914094690225	'SoilN2OTotmean'
-0.157918693049567	-0.193304023929197	-0.158960231954303	-0.170247592190391	-0.193393099342766	-0.194507672896244	-0.187447380082117	-0.152148325487228	-0.191106223641225	-0.185892399397658	'CO2LossContriTotmin'
-0.0723330520516343	0.0193829062144423	0.0259018418668757	-0.0511079873460734	0.0263928322212117	0.0787808995163658	0.0436812460481096	-0.0927340019243732	0.104071193050208	0.0662122571523707	'CO2LossContriTotmax'
-0.127119173649376	-0.139711030987393	-0.106972480047053	-0.114338393197291	-0.158375754175489	-0.130955560442674	-0.137570029259020	-0.127017527355475	-0.153078657159336	-0.151464281478512	'CO2LossContriTotmean'
0.221884395582062	0.385896411961489	0.193502685017424	0.199115194125460	0.349805356472244	0.211970575796305	0.204284550718568	0.351087340809886	0.210103593535658	0.195794574257343	'NFertContriTotmin'
0.484421613143043	0.488820906230823	0.465690331048809	0.475158429127457	0.464800396992157	0.495090341445484	0.494471482411627	0.472196649078807	0.481966699009494	0.474233496193727	'	NFertContriTotmax'
0.387325457204856	0.453349242688867	0.380070132072543	0.363968018993396	0.423944126698407	0.433234891780773	0.419525635989913	0.433013757881686	0.423083712813865	0.425761179062009	'NFertContriTotmean'
0.00760745980954310	0.0138504894559062	0.0101026742446296	0.0133527171887522	0.0146281435520102	0.00704051464669424	0.00665317682281805	0.00686286040363453	0.00686303795986084	0.00571429120271591	'DieselContriTotmin'
0.0206657029515625	0.0183457241214310	0.0225878636877989	0.0268527805969927	0.0243462842895610	0.0275008369131078	0.0252264553063682	0.0191909451217071	0.0289481341493841	0.0273855900896916	'DieselContriTotmax'
0.0163509428088946	0.0164694996953350	0.0166838137616231	0.0211458121966022	0.0185494034843793	0.0167101080163394	0.0145874712347280	0.0152063002818336	0.0186098424218877	0.0178037527304810	'DieselContriTotmean'