3,08000000000000	3,10000000000000	2,72000000000000	1,87000000000000	2,81000000000000	2,37000000000000	2,80000000000000	2,02000000000000	2,02000000000000	2,02000000000000	'yieldhamin'
3,08000000000000	3,50000000000000	2,95000000000000	3,26000000000000	3,35000000000000	3,57000000000000	3,36000000000000	2,69000000000000	3,50000000000000	3,15000000000000	'yieldhamax'
3,08000000000000	3,41068493150685	2,92517647058823	2,57947916666667	3,06207207207208	3,15092511013217	3,08440688018980	2,43588235294118	2,83188515406166	2,79535382574081	'yieldhamean'
140,502867132867	126,692167832168	127,915454545455	98,1951748251748	116,337762237762	96,4076923076923	116,202657342657	106,039930069930	84,1699300699301	96,0399300699301	'NAppliedmin'
142,102867132867	140,678181818182	137,557412587413	146,796573426573	130,673426573427	157,635734265734	151,893076923077	129,466503496504	140,678181818182	145,640419580420	'NAppliedmax'
141,205306157257	137,555277325414	135,484751131222	122,793805361305	121,862593082593	136,637832167830	131,983051124440	119,993035787742	115,106178331477	120,395599539784	'NAppliedmean'
13,5269034209962	5,58148117716752	15,9862007431280	10,1217224274028	8,41913196788409	4,25724411167738	8,22995523359170	20,9047955365040	5,58148117716752	12,2026663555061	'CO2Lossmin'
13,5269034209962	13,1485499524115	20,3372653336269	36,4172865555767	18,6346748741083	26,9584505865216	18,8238516084007	33,5796357648602	33,5796357648602	33,5796357648602	'CO2Lossmax'
13,5269034209962	7,27111434041666	16,4558041334469	22,9955923651546	13,8660580617973	12,1851654339928	13,4435354874138	25,7121098277729	18,2206586908243	18,9117463849498	'CO2Lossmean'
2,83810868831057	2,59250322879666	2,72128876848098	2,22382860566027	2,40045913596548	1,98357233459801	2,37281179059405	2,08665336974873	1,72982118404708	1,92354203019151	'TotN2Omin'
10,1420435741888	3,30832986057854	9,70819563388543	6,97735491486394	3,09103957047864	11,2753766736041	10,8499432184111	2,95784237240728	9,77040055972093	9,77068019906169	'TotN2Omax'
4,73998380606704	2,87386884683678	4,31593632984814	3,57046092162912	2,81872206951226	3,19692316330584	4,05483896754691	2,58808657168936	2,65867712732041	2,84740904144386	'TotN2Omean'
845,756389116549	772,565962181406	810,944053007331	662,700924486761	715,336822517713	591,104555710206	707,097913597027	621,822704185120	515,486712846030	573,215524997071	'SoilN2Omin'
3022,32898510825	985,882298452404	2893,04229889786	2079,25176462946	921,129792002636	3360,06224873403	3233,28307908651	881,437026977370	2911,57936679684	2911,66269932038	'SoilN2Omax'
1412,51517420798	856,412916357361	1286,14902629474	1063,99735464548	839,979176714654	952,683102665139	1208,34201232898	771,249798363428	792,285783941480	848,527894350262	'SoilN2Omean'
0,786461416885173	0,806247093522270	0,771419564547570	0,724972350144763	0,758957393368930	0,726312734489373	0,732427596995578	0,543124874919399	0,520202812657170	0,543075978302584	'FieldEmisContrimin'
0,941445654841481	0,840022484712351	0,916446458288492	0,888604763036669	0,831165843674075	0,946856808799108	0,944955588464785	0,851155625293562	0,916941406514426	0,937738734673563	'	FieldEmisContrimax'
0,838192186776310	0,820077297052638	0,831637862139211	0,795688589477135	0,810447049269369	0,822205714171637	0,847292202152314	0,791721603384135	0,807448750143750	0,811409687842413	'FieldEmisContrimean'
0,00409792390450073	0,00472893474676481	0,00503621561197373	0,00640573278280991	0,00704666028259177	0,00117294326421261	0,00234690087218166	0,0197189411898047	0,00472907808478175	0,00428994820930565	'CO2LossContrimin'
0,0129060884608241	0,0134921448898654	0,0175277350392095	0,0377640122856919	0,0175756011309107	0,0337408552376013	0,0213007503181867	0,0357712994636212	0,0455079194534261	0,0422059199237733	'CO2LossContrimax'
0,00926281651030218	0,00704982971975865	0,0124316273590877	0,0189172689999393	0,0133275297614390	0,0117249130613084	0,0117862995535479	0,0254548071428623	0,0189962097692745	0,0189225722885169	'CO2LossContrimean'
0,775570019419323	0,792754481403329	0,753891435637160	0,687207868050923	0,744256130022536	0,698493126751015	0,713436306613822	0,515297431365160	0,490979229226713	0,515245556543208	'SoilN2OContrimin'
0,937250701779361	0,835293161328527	0,911410098367054	0,873308906660574	0,823637383952333	0,945658474157936	0,942556259461946	0,831436254285879	0,911816390304757	0,933340587724201	'SoilN2OContrimax'
0,828929057271784	0,813027030987811	0,819205886692581	0,776770965140622	0,797119084815642	0,810480384449513	0,835505514368263	0,766266342149462	0,788452077666883	0,792486665688405	'SoilN2OContrimean'
0,0585543451585193	0,159977515287649	0,0835535417115081	0,111395236963331	0,168834156325925	0,0531431912008923	0,0550444115352147	0,148844374706438	0,0830585934855739	0,0622612653264372	'FieldOPContrimin'
0,213538583114827	0,193752906477730	0,228580435452429	0,275027649855238	0,241042606631069	0,273687265510627	0,267572403004422	0,456875125080601	0,479797187342830	0,456924021697416	'FieldOPContrimax'
0,161807813223690	0,179922702947362	0,168362137860789	0,204311410522865	0,189552950730631	0,177794285828363	0,152707797847685	0,208278396615865	0,192551249856245	0,188590312157579	'FieldOPContrimean'
0,798824259503321	0,778168793765845	0,773459591489870	0,723829539844189	0,747900371787269	0,710853669929400	0,763374778750058	0,752639379598903	0,694688572209327	0,733741129579923	'NFertContrimin'
0,808469700689468	0,804851184443708	0,794200522299240	0,805513724239071	0,778439795612433	0,820575635527718	0,818575018872991	0,800243065481596	0,803606692173748	0,820223937886415	'NFertContrimax'
0,802646454706980	0,793783346642026	0,787544224865415	0,761139223765163	0,765511449689515	0,790671510520279	0,795642305547853	0,781842261039711	0,757812058335147	0,769806900645537	'NFertContrimean'
0,0968191680376593	0,101063452481230	0,103970571402528	0,0978545325990820	0,113568554455940	0,0912780363921882	0,0917141820513413	0,102411685950092	0,0987990565129469	0,0984735950375419	'P2O5FertContrimin'
0,0979694550328593	0,114881699415862	0,109026336002100	0,132911623055785	0,128835539838665	0,148054850236540	0,118129185383053	0,127099555788210	0,162374712888459	0,139438363845237	'P2O5FertContrimax'
0,0972742290598178	0,106795252064803	0,105121628936302	0,115181476241547	0,123093710905375	0,106559779464665	0,105670247662915	0,112228858093992	0,127726987345044	0,118869837489520	'P2O5FertContrimean'
0,0151708348702129	0,0154216649042970	0,0164572612926240	0,0154891676551037	0,0167996738946383	0,0144481892801001	0,0143785624704774	0,0165817419483151	0,0159968117372176	0,0157043542905806	'K2OFertContrimin'
0,0154935299435700	0,0175302448959641	0,0172575265785290	0,0210382734263075	0,0185896100126139	0,0213627538629465	0,0180257913980661	0,0205790190472270	0,0234289590611915	0,0216875670083543	'K2OFertContrimax'
0,0153223063115213	0,0162963024741234	0,0165938876481410	0,0182318094919233	0,0179646280643632	0,0166048659854495	0,0163301839949086	0,0181712657769889	0,0187153142833577	0,0182417808040300	'K2OFertContrimean'
0,0271306698366337	0,0272827692156523	0,0291519289749471	0,0277062758058803	0,0300786872177590	0,0219917075353040	0,0222937918830125	0,0150267233654686	0,0150267233654686	0,0116574599219724	'DieselContrimin'
0,0379714831392019	0,0310130993481249	0,0427590090179501	0,0521265732411960	0,0454606942477574	0,0521412625531865	0,0438746080031990	0,0356446617179878	0,0529220533309137	0,0495337935186276	'	DieselContrimax'
0,0337071176495832	0,0288301076588747	0,0354537919053698	0,0447038993235651	0,0335767983656726	0,0308408004540893	0,0279493873234683	0,0272157396364315	0,0333911381371054	0,0323046680953156	'DieselContrimean'
0,385267416312181	0,381702221499692	0,391291573818936	0,368056910720753	0,383213731991034	0,362555870114350	0,356310726342688	0,301623185743225	0,290264787188374	0,301579437705044	'SoilN2OTotmin'
0,691320917039289	0,434304196645370	0,681804657480420	0,646314429478262	0,427819775680435	0,708379187994714	0,696620287393290	0,416554995872490	0,681311871034038	0,694907737361355	'	SoilN2OTotmax'
0,476495576410348	0,401123568885335	0,466853773912825	0,446090081133438	0,412541142117531	0,415837024688161	0,451017907146739	0,388129708144437	0,404809644430011	0,410551347462924	'SoilN2OTotmean'
0,00303258148214337	0,00245877292101317	0,00376747554857180	0,00372686708316506	0,00375527939136734	0,000881028974733534	0,00173986114129677	0,00987931837658921	0,00245881167043909	0,00320457600915003	'CO2LossContriTotmin'
0,00616191044936162	0,00664452731900333	0,00933036991786315	0,0202257662411723	0,00866532600358693	0,0165350519039525	0,0101221728266226	0,0185331346206684	0,0225554288491491	0,0208987057786700	'CO2LossContriTotmax'
0,00506576147743195	0,00345807470310345	0,00671727286713018	0,0108018125359511	0,00689276552900612	0,00598966740465347	0,00595862323581456	0,0130520287631250	0,00972441888587137	0,00965286065404125	'CO2LossContriTotmean'
0,207919504721329	0,381990433875722	0,196336730532086	0,188141111023737	0,348242136577197	0,198342160924076	0,206342127567705	0,318713525794755	0,196065441477538	0,195000445665257	'NFertContriTotmin'
0,422472199448680	0,418303555213997	0,405623281564271	0,411213982410347	0,395467279422456	0,428888422377618	0,430554768046549	0,414842108128129	0,422363991023839	0,412144503011026	'	NFertContriTotmax'
0,344993262949174	0,402250659765810	0,342643035631465	0,325961599664846	0,369304116502538	0,385668294809719	0,369866093425635	0,383557180107019	0,368855346922827	0,371418394978843	'NFertContriTotmean'
0,00711894883632534	0,0137102971488129	0,0102724724216271	0,0118475353250815	0,0144549947178951	0,00656163282594017	0,00667193953938407	0,00623003504265907	0,00623018136327443	0,00506791274862515	'DieselContriTotmin'
0,0182382035435140	0,0157276610582101	0,0199975186961114	0,0242084622800567	0,0211684584446440	0,0241482803260529	0,0219623597748752	0,0171771381996018	0,0257026649348986	0,0241619726223497	'DieselContriTotmax'
0,0145630577097275	0,0146120621065110	0,0151024534548486	0,0189983157021924	0,0161705460294737	0,0149155880639139	0,0128705927507072	0,0134583999203129	0,0162359889091859	0,0155347053444501	'DieselContriTotmean'